439,45.003993,-125.070277,0
451,44.997607,-125.080775,0
101,45.078741,-125.041547,0
491,45.047466,-124.983722,0
327,45.016733,-125.063084,0
319,45.065753,-125.106550,0
373,45.031221,-125.078953,0
265,45.016094,-125.093170,0
369,45.016123,-124.989049,0
437,45.011431,-124.960211,0
353,45.056928,-124.962633,0
307,45.046872,-124.917592,0
359,45.079463,-124.980931,0
383,45.014558,-125.079974,0
473,45.036346,-124.978680,0
399,45.065855,-125.029620,0
459,45.067463,-125.015501,0
415,45.081831,-124.929277,0
497,45.071637,-125.107662,0
449,45.058965,-124.963906,0
303,45.069413,-124.910773,0
291,45.012255,-125.094884,0
47,44.995848,-124.996461,2
394,44.999850,-124.999083,2
50,44.998832,-125.003562,2
50,44.998832,-125.003562,2
25,45.003579,-125.001206,2
41,44.997063,-125.004064,2
41,44.997063,-125.004064,2
35,45.002045,-125.001399,2
21,44.997873,-125.001018,2
42,44.999157,-125.002818,2
56,44.999148,-124.999382,2
5,45.001720,-124.996002,2
58,44.995288,-124.993861,2
50,44.998832,-125.003562,2
9,45.002932,-124.998267,2
18,44.998818,-124.997497,2
13,45.008784,-124.996423,2
49,45.001416,-125.001413,2
394,44.999850,-124.999083,2
2,45.001657,-125.003763,2
24,44.998831,-125.004061,2
7,45.006084,-124.993486,2
16,45.006091,-125.001121,2
28,45.005472,-125.001671,2
35,45.002045,-125.001399,2
54,44.997019,-124.999815,2
55,44.998151,-124.997772,2
18,44.998818,-124.997497,2
46,45.000348,-125.001556,2
18,44.998818,-124.997497,2
394,44.999850,-124.999083,2
10,44.996144,-124.996235,2
1,45.003815,-124.997197,2
40,44.997384,-125.004175,2
9,45.002932,-124.998267,2
16,45.006091,-125.001121,2
32,45.005288,-124.998806,2
2,45.001657,-125.003763,2
11,44.998001,-125.005237,2
394,44.999850,-124.999083,2
25,45.003579,-125.001206,2
40,44.997384,-125.004175,2
35,45.002045,-125.001399,2
29,45.003572,-124.997448,2
47,44.995848,-124.996461,2
5,45.001720,-124.996002,2
29,45.003572,-124.997448,2
55,44.998151,-124.997772,2
11,44.998001,-125.005237,2
21,44.997873,-125.001018,2
35,45.002045,-125.001399,2
49,45.001416,-125.001413,2
16,45.006091,-125.001121,2
40,44.997384,-125.004175,2
394,44.999850,-124.999083,2
32,45.005288,-124.998806,2
54,44.997019,-124.999815,2
41,44.997063,-125.004064,2
29,45.003572,-124.997448,2
25,45.003579,-125.001206,2
37,45.003211,-124.994863,2
25,45.003579,-125.001206,2
37,45.003211,-124.994863,2
32,45.005288,-124.998806,2
46,45.000348,-125.001556,2
32,45.005288,-124.998806,2
18,44.998818,-124.997497,2
59,44.996674,-124.995787,2
35,45.002045,-125.001399,2
1,45.003815,-124.997197,2
54,44.997019,-124.999815,2
55,44.998151,-124.997772,2
58,44.995288,-124.993861,2
59,44.996674,-124.995787,2
9,45.002932,-124.998267,2
11,44.998001,-125.005237,2
11,44.998001,-125.005237,2
42,44.999157,-125.002818,2
30,45.010917,-125.001130,2
55,44.998151,-124.997772,2
29,45.003572,-124.997448,2
47,44.995848,-124.996461,2
25,45.003579,-125.001206,2
52,44.996773,-125.000054,2
1,45.003815,-124.997197,2
2,45.001657,-125.003763,2
48,44.995505,-124.996119,2
29,45.003572,-124.997448,2
39,44.999323,-125.004129,2
5,45.001720,-124.996002,2
39,44.999323,-125.004129,2
24,44.998831,-125.004061,2
60,45.004289,-124.999529,2
10,44.996144,-124.996235,2
58,44.995288,-124.993861,2
56,44.999148,-124.999382,2
52,44.996773,-125.000054,2
50,44.998832,-125.003562,2
32,45.005288,-124.998806,2
37,45.003211,-124.994863,2
49,45.001416,-125.001413,2
9,45.002932,-124.998267,2
42,44.999157,-125.002818,2
5,45.001720,-124.996002,2
1,45.003815,-124.997197,2
46,45.000348,-125.001556,2
42,44.999157,-125.002818,2
51,45.010467,-125.003727,2
2,45.001657,-125.003763,2
394,44.999850,-124.999083,2
25,45.003579,-125.001206,2
39,44.999323,-125.004129,2
54,44.997019,-124.999815,2
41,44.997063,-125.004064,2
60,45.004289,-124.999529,2
56,44.999148,-124.999382,2
18,44.998818,-124.997497,2
42,44.999157,-125.002818,2
59,44.996674,-124.995787,2
22,44.996104,-125.007309,2
40,44.997384,-125.004175,2
28,45.005472,-125.001671,2
42,44.999157,-125.002818,2
50,44.998832,-125.003562,2
18,44.998818,-124.997497,2
56,44.999148,-124.999382,2
59,44.996674,-124.995787,2
54,44.997019,-124.999815,2
50,44.998832,-125.003562,2
20,45.008314,-124.999510,2
14,45.006043,-124.994942,2
46,45.000348,-125.001556,2
40,44.997384,-125.004175,2
24,44.998831,-125.004061,2
24,44.998831,-125.004061,2
20,45.008314,-124.999510,2
28,45.005472,-125.001671,2
49,45.001416,-125.001413,2
16,45.006091,-125.001121,2
24,44.998831,-125.004061,2
29,45.003572,-124.997448,2
60,45.004289,-124.999529,2
53,45.002019,-125.006401,2
41,44.997063,-125.004064,2
49,45.001416,-125.001413,2
20,45.008314,-124.999510,2
49,45.001416,-125.001413,2
40,44.997384,-125.004175,2
8,44.995564,-124.991939,2
21,44.997873,-125.001018,2
5,45.001720,-124.996002,2
20,45.008314,-124.999510,2
11,44.998001,-125.005237,2
17,45.006547,-124.995996,2
17,45.006547,-124.995996,2
42,44.999157,-125.002818,2
6,44.994825,-124.997915,2
6,44.994825,-124.997915,2
49,45.001416,-125.001413,2
48,44.995505,-124.996119,2
29,45.003572,-124.997448,2
47,44.995848,-124.996461,2
16,45.006091,-125.001121,2
41,44.997063,-125.004064,2
25,45.003579,-125.001206,2
47,44.995848,-124.996461,2
14,45.006043,-124.994942,2
48,44.995505,-124.996119,2
35,45.002045,-125.001399,2
9,45.002932,-124.998267,2
20,45.008314,-124.999510,2
35,45.002045,-125.001399,2
37,45.003211,-124.994863,2
39,44.999323,-125.004129,2
32,45.005288,-124.998806,2
14,45.006043,-124.994942,2
41,44.997063,-125.004064,2
29,45.003572,-124.997448,2
3,45.008660,-125.002287,2
52,44.996773,-125.000054,2
29,45.003572,-124.997448,2
21,44.997873,-125.001018,2
5,45.001720,-124.996002,2
37,45.003211,-124.994863,2
49,45.001416,-125.001413,2
59,44.996674,-124.995787,2
6,44.994825,-124.997915,2
20,45.008314,-124.999510,2
35,45.002045,-125.001399,2
24,44.998831,-125.004061,2
52,44.996773,-125.000054,2
55,44.998151,-124.997772,2
59,44.996674,-124.995787,2
52,44.996773,-125.000054,2
29,45.003572,-124.997448,2
46,45.000348,-125.001556,2
39,44.999323,-125.004129,2
47,44.995848,-124.996461,2
9,45.002932,-124.998267,2
58,44.995288,-124.993861,2
10,44.996144,-124.996235,2
35,45.002045,-125.001399,2
6,44.994825,-124.997915,2
59,44.996674,-124.995787,2
24,44.998831,-125.004061,2
39,44.999323,-125.004129,2
47,44.995848,-124.996461,2
24,44.998831,-125.004061,2
39,44.999323,-125.004129,2
9,45.002932,-124.998267,2
21,44.997873,-125.001018,2
60,45.004289,-124.999529,2
42,44.999157,-125.002818,2
18,44.998818,-124.997497,2
11,44.998001,-125.005237,2
46,45.000348,-125.001556,2
32,45.005288,-124.998806,2
10,44.996144,-124.996235,2
2,45.001657,-125.003763,2
46,45.000348,-125.001556,2
20,45.008314,-124.999510,2
14,45.006043,-124.994942,2
24,44.998831,-125.004061,2
49,45.001416,-125.001413,2
40,44.997384,-125.004175,2
54,44.997019,-124.999815,2
394,44.999850,-124.999083,2
394,44.999850,-124.999083,2
32,45.005288,-124.998806,2
37,45.003211,-124.994863,2
56,44.999148,-124.999382,2
50,44.998832,-125.003562,2
58,44.995288,-124.993861,2
9,45.002932,-124.998267,2
32,45.005288,-124.998806,2
1,45.003815,-124.997197,2
48,44.995505,-124.996119,2
49,45.001416,-125.001413,2
11,44.998001,-125.005237,2
1,45.003815,-124.997197,2
394,44.999850,-124.999083,2
60,45.004289,-124.999529,2
28,45.005472,-125.001671,2
46,45.000348,-125.001556,2
41,44.997063,-125.004064,2
56,44.999148,-124.999382,2
52,44.996773,-125.000054,2
42,44.999157,-125.002818,2
17,45.006547,-124.995996,2
1,45.003815,-124.997197,2
37,45.003211,-124.994863,2
24,44.998831,-125.004061,2
52,44.996773,-125.000054,2
52,44.996773,-125.000054,2
6,44.994825,-124.997915,2
58,44.995288,-124.993861,2
55,44.998151,-124.997772,2
16,45.006091,-125.001121,2
17,45.006547,-124.995996,2
21,44.997873,-125.001018,2
25,45.003579,-125.001206,2
9,45.002932,-124.998267,2
29,45.003572,-124.997448,2
17,45.006547,-124.995996,2
60,45.004289,-124.999529,2
2,45.001657,-125.003763,2
40,44.997384,-125.004175,2
50,44.998832,-125.003562,2
28,45.005472,-125.001671,2
46,45.000348,-125.001556,2
29,45.003572,-124.997448,2
28,45.005472,-125.001671,2
55,44.998151,-124.997772,2
49,45.001416,-125.001413,2
18,44.998818,-124.997497,2
46,45.000348,-125.001556,2
18,44.998818,-124.997497,2
42,44.999157,-125.002818,2
48,44.995505,-124.996119,2
54,44.997019,-124.999815,2
10,44.996144,-124.996235,2
1,45.003815,-124.997197,2
56,44.999148,-124.999382,2
60,45.004289,-124.999529,2
17,45.006547,-124.995996,2
394,44.999850,-124.999083,2
52,44.996773,-125.000054,2
2,45.001657,-125.003763,2
40,44.997384,-125.004175,2
54,44.997019,-124.999815,2
6,44.994825,-124.997915,2
48,44.995505,-124.996119,2
1,45.003815,-124.997197,2
52,44.996773,-125.000054,2
52,44.996773,-125.000054,2
52,44.996773,-125.000054,2
9,45.002932,-124.998267,2
24,44.998831,-125.004061,2
56,44.999148,-124.999382,2
48,44.995505,-124.996119,2
6,44.994825,-124.997915,2
45,45.004096,-125.006486,2
14,45.006043,-124.994942,2
9,45.002932,-124.998267,2
59,44.996674,-124.995787,2
54,44.997019,-124.999815,2
42,44.999157,-125.002818,2
492,44.996030,-124.990484,2
1,45.003815,-124.997197,2
39,44.999323,-125.004129,2
9,45.002932,-124.998267,2
21,44.997873,-125.001018,2
55,44.998151,-124.997772,2
25,45.003579,-125.001206,2
17,45.006547,-124.995996,2
43,45.009421,-125.001598,2
2,45.001657,-125.003763,2
54,44.997019,-124.999815,2
21,44.997873,-125.001018,2
56,44.999148,-124.999382,2
50,44.998832,-125.003562,2
59,44.996674,-124.995787,2
40,44.997384,-125.004175,2
46,45.000348,-125.001556,2
50,44.998832,-125.003562,2
58,44.995288,-124.993861,2
57,45.005538,-124.993410,2
32,45.005288,-124.998806,2
59,44.996674,-124.995787,2
11,44.998001,-125.005237,2
52,44.996773,-125.000054,2
14,45.006043,-124.994942,2
17,45.006547,-124.995996,2
39,44.999323,-125.004129,2
50,44.998832,-125.003562,2
14,45.006043,-124.994942,2
18,44.998818,-124.997497,2
1,45.003815,-124.997197,2
54,44.997019,-124.999815,2
29,45.003572,-124.997448,2
21,44.997873,-125.001018,2
60,45.004289,-124.999529,2
394,44.999850,-124.999083,2
1,45.003815,-124.997197,2
56,44.999148,-124.999382,2
9,45.002932,-124.998267,2
60,45.004289,-124.999529,2
58,44.995288,-124.993861,2
52,44.996773,-125.000054,2
52,44.996773,-125.000054,2
29,45.003572,-124.997448,2
46,45.000348,-125.001556,2
42,44.999157,-125.002818,2
52,44.996773,-125.000054,2
28,45.005472,-125.001671,2
18,44.998818,-124.997497,2
31,44.993656,-125.001556,2
11,44.998001,-125.005237,2
10,44.996144,-124.996235,2
41,44.997063,-125.004064,2
29,45.003572,-124.997448,2
20,45.008314,-124.999510,2
2,45.001657,-125.003763,2
50,44.998832,-125.003562,2
39,44.999323,-125.004129,2
12,44.992711,-124.991669,2
54,44.997019,-124.999815,2
2,45.001657,-125.003763,2
37,45.003211,-124.994863,2
24,44.998831,-125.004061,2
10,44.996144,-124.996235,2
32,45.005288,-124.998806,2
40,44.997384,-125.004175,2
58,44.995288,-124.993861,2
5,45.001720,-124.996002,2
59,44.996674,-124.995787,2
2,45.001657,-125.003763,2
48,44.995505,-124.996119,2
48,44.995505,-124.996119,2
16,45.006091,-125.001121,2
40,44.997384,-125.004175,2
11,44.998001,-125.005237,2
52,44.996773,-125.000054,2
21,44.997873,-125.001018,2
42,44.999157,-125.002818,2
46,45.000348,-125.001556,2
28,45.005472,-125.001671,2
5,45.001720,-124.996002,2
20,45.008314,-124.999510,2
1,45.003815,-124.997197,2
21,44.997873,-125.001018,2
42,44.999157,-125.002818,2
60,45.004289,-124.999529,2
39,44.999323,-125.004129,2
54,44.997019,-124.999815,2
28,45.005472,-125.001671,2
55,44.998151,-124.997772,2
41,44.997063,-125.004064,2
32,45.005288,-124.998806,2
54,44.997019,-124.999815,2
55,44.998151,-124.997772,2
35,45.002045,-125.001399,2
16,45.006091,-125.001121,2
394,44.999850,-124.999083,2
41,44.997063,-125.004064,2
59,44.996674,-124.995787,2
10,44.996144,-124.996235,2
9,45.002932,-124.998267,2
6,44.994825,-124.997915,2
56,44.999148,-124.999382,2
42,44.999157,-125.002818,2
10,44.996144,-124.996235,2
2,45.001657,-125.003763,2
1,45.003815,-124.997197,2
41,44.997063,-125.004064,2
10,44.996144,-124.996235,2
39,44.999323,-125.004129,2
6,44.994825,-124.997915,2
56,44.999148,-124.999382,2
49,45.001416,-125.001413,2
394,44.999850,-124.999083,2
16,45.006091,-125.001121,2
14,45.006043,-124.994942,2
21,44.997873,-125.001018,2
2,45.001657,-125.003763,2
10,44.996144,-124.996235,2
50,44.998832,-125.003562,2
56,44.999148,-124.999382,2
46,45.000348,-125.001556,2
58,44.995288,-124.993861,2
21,44.997873,-125.001018,2
10,44.996144,-124.996235,2
18,44.998818,-124.997497,2
49,45.001416,-125.001413,2
1,45.003815,-124.997197,2
25,45.003579,-125.001206,2
14,45.006043,-124.994942,2
39,44.999323,-125.004129,2
54,44.997019,-124.999815,2
17,45.006547,-124.995996,2
5,45.001720,-124.996002,2
47,44.995848,-124.996461,2
35,45.002045,-125.001399,2
37,45.003211,-124.994863,2
55,44.998151,-124.997772,2
50,44.998832,-125.003562,2
21,44.997873,-125.001018,2
39,44.999323,-125.004129,2
60,45.004289,-124.999529,2
56,44.999148,-124.999382,2
6,44.994825,-124.997915,2
17,45.006547,-124.995996,2
55,44.998151,-124.997772,2
14,45.006043,-124.994942,2
48,44.995505,-124.996119,2
19,45.002367,-124.993193,2
47,44.995848,-124.996461,2
18,44.998818,-124.997497,2
52,44.996773,-125.000054,2
49,45.001416,-125.001413,2
54,44.997019,-124.999815,2
21,44.997873,-125.001018,2
37,45.003211,-124.994863,2
55,44.998151,-124.997772,2
50,44.998832,-125.003562,2
16,45.006091,-125.001121,2
29,45.003572,-124.997448,2
36,44.994378,-125.002188,2
46,45.000348,-125.001556,2
35,45.002045,-125.001399,2
47,44.995848,-124.996461,2
21,44.997873,-125.001018,2
49,45.001416,-125.001413,2
44,44.992097,-124.996049,2
42,44.999157,-125.002818,2
9,45.002932,-124.998267,2
29,45.003572,-124.997448,2
54,44.997019,-124.999815,2
35,45.002045,-125.001399,2
6,44.994825,-124.997915,2
1,45.003815,-124.997197,2
52,44.996773,-125.000054,2
6,44.994825,-124.997915,2
1,45.003815,-124.997197,2
24,44.998831,-125.004061,2
40,44.997384,-125.004175,2
20,45.008314,-124.999510,2
60,45.004289,-124.999529,2
50,44.998832,-125.003562,2
24,44.998831,-125.004061,2
52,44.996773,-125.000054,2
56,44.999148,-124.999382,2
25,45.003579,-125.001206,2
394,44.999850,-124.999083,2
54,44.997019,-124.999815,2
56,44.999148,-124.999382,2
39,44.999323,-125.004129,2
42,44.999157,-125.002818,2
46,45.000348,-125.001556,2
60,45.004289,-124.999529,2
5,45.001720,-124.996002,2
54,44.997019,-124.999815,2
48,44.995505,-124.996119,2
49,45.001416,-125.001413,2
247,45.023624,-125.113309,0
63,45.077989,-125.043445,0
89,45.075460,-125.036778,0
341,45.050299,-125.052313,0
495,45.035444,-124.977308,0
263,45.023022,-125.103055,3
248,45.014622,-125.106199,3
288,45.022820,-125.094172,3
361,45.016987,-125.109630,3
268,45.023860,-125.101867,3
299,45.023972,-125.104410,3
273,45.019414,-125.107402,3
285,45.022513,-125.101434,3
275,45.022001,-125.100918,3
293,45.021350,-125.095876,3
268,45.023860,-125.101867,3
283,45.023901,-125.101339,3
275,45.022001,-125.100918,3
256,45.019122,-125.102697,3
288,45.022820,-125.094172,3
290,45.026776,-125.098799,3
258,45.021468,-125.104635,3
274,45.024613,-125.101023,3
277,45.017711,-125.107311,3
277,45.017711,-125.107311,3
248,45.014622,-125.106199,3
284,45.020176,-125.105003,3
282,45.020370,-125.101571,3
275,45.022001,-125.100918,3
300,45.024231,-125.094159,3
285,45.022513,-125.101434,3
286,45.023571,-125.105525,3
263,45.023022,-125.103055,3
246,45.019602,-125.100086,3
268,45.023860,-125.101867,3
288,45.022820,-125.094172,3
281,45.024466,-125.094726,3
281,45.024466,-125.094726,3
250,45.014630,-125.104052,3
292,45.022006,-125.100262,3
250,45.014630,-125.104052,3
263,45.023022,-125.103055,3
294,45.020346,-125.097102,3
275,45.022001,-125.100918,3
274,45.024613,-125.101023,3
295,45.024144,-125.102412,3
292,45.022006,-125.100262,3
374,45.015819,-125.100182,3
259,45.018490,-125.097968,3
246,45.019602,-125.100086,3
260,45.014033,-125.104212,3
279,45.016518,-125.111591,3
261,45.019620,-125.102119,3
273,45.019414,-125.107402,3
292,45.022006,-125.100262,3
256,45.019122,-125.102697,3
275,45.022001,-125.100918,3
263,45.023022,-125.103055,3
273,45.019414,-125.107402,3
243,45.025593,-125.103985,3
249,45.023108,-125.107017,3
251,45.024738,-125.099065,3
361,45.016987,-125.109630,3
242,45.025425,-125.096351,3
289,45.024921,-125.096055,3
283,45.023901,-125.101339,3
294,45.020346,-125.097102,3
287,45.018932,-125.091876,3
285,45.022513,-125.101434,3
286,45.023571,-125.105525,3
289,45.024921,-125.096055,3
269,45.019997,-125.099968,3
267,45.017837,-125.115388,3
275,45.022001,-125.100918,3
251,45.024738,-125.099065,3
293,45.021350,-125.095876,3
286,45.023571,-125.105525,3
283,45.023901,-125.101339,3
286,45.023571,-125.105525,3
248,45.014622,-125.106199,3
258,45.021468,-125.104635,3
268,45.023860,-125.101867,3
275,45.022001,-125.100918,3
297,45.016967,-125.107389,3
288,45.022820,-125.094172,3
261,45.019620,-125.102119,3
277,45.017711,-125.107311,3
253,45.026416,-125.097912,3
417,45.015953,-125.112058,3
242,45.025425,-125.096351,3
275,45.022001,-125.100918,3
243,45.025593,-125.103985,3
298,45.023278,-125.094862,3
285,45.022513,-125.101434,3
255,45.019004,-125.103761,3
263,45.023022,-125.103055,3
293,45.021350,-125.095876,3
258,45.021468,-125.104635,3
361,45.016987,-125.109630,3
361,45.016987,-125.109630,3
292,45.022006,-125.100262,3
253,45.026416,-125.097912,3
298,45.023278,-125.094862,3
258,45.021468,-125.104635,3
288,45.022820,-125.094172,3
295,45.024144,-125.102412,3
292,45.022006,-125.100262,3
281,45.024466,-125.094726,3
253,45.026416,-125.097912,3
293,45.021350,-125.095876,3
256,45.019122,-125.102697,3
392,45.025273,-125.101873,3
274,45.024613,-125.101023,3
298,45.023278,-125.094862,3
269,45.019997,-125.099968,3
371,45.016953,-125.112808,3
293,45.021350,-125.095876,3
285,45.022513,-125.101434,3
257,45.018310,-125.107722,3
268,45.023860,-125.101867,3
295,45.024144,-125.102412,3
253,45.026416,-125.097912,3
257,45.018310,-125.107722,3
257,45.018310,-125.107722,3
299,45.023972,-125.104410,3
282,45.020370,-125.101571,3
263,45.023022,-125.103055,3
255,45.019004,-125.103761,3
253,45.026416,-125.097912,3
263,45.023022,-125.103055,3
251,45.024738,-125.099065,3
274,45.024613,-125.101023,3
275,45.022001,-125.100918,3
275,45.022001,-125.100918,3
261,45.019620,-125.102119,3
256,45.019122,-125.102697,3
281,45.024466,-125.094726,3
283,45.023901,-125.101339,3
263,45.023022,-125.103055,3
268,45.023860,-125.101867,3
299,45.023972,-125.104410,3
256,45.019122,-125.102697,3
275,45.022001,-125.100918,3
246,45.019602,-125.100086,3
274,45.024613,-125.101023,3
250,45.014630,-125.104052,3
279,45.016518,-125.111591,3
258,45.021468,-125.104635,3
269,45.019997,-125.099968,3
281,45.024466,-125.094726,3
288,45.022820,-125.094172,3
250,45.014630,-125.104052,3
256,45.019122,-125.102697,3
264,45.029483,-125.095211,3
282,45.020370,-125.101571,3
261,45.019620,-125.102119,3
300,45.024231,-125.094159,3
273,45.019414,-125.107402,3
259,45.018490,-125.097968,3
292,45.022006,-125.100262,3
361,45.016987,-125.109630,3
361,45.016987,-125.109630,3
269,45.019997,-125.099968,3
271,45.013371,-125.102155,3
269,45.019997,-125.099968,3
261,45.019620,-125.102119,3
251,45.024738,-125.099065,3
258,45.021468,-125.104635,3
293,45.021350,-125.095876,3
268,45.023860,-125.101867,3
258,45.021468,-125.104635,3
299,45.023972,-125.104410,3
275,45.022001,-125.100918,3
282,45.020370,-125.101571,3
284,45.020176,-125.105003,3
294,45.020346,-125.097102,3
299,45.023972,-125.104410,3
289,45.024921,-125.096055,3
259,45.018490,-125.097968,3
256,45.019122,-125.102697,3
283,45.023901,-125.101339,3
241,45.010919,-125.107153,3
285,45.022513,-125.101434,3
288,45.022820,-125.094172,3
295,45.024144,-125.102412,3
275,45.022001,-125.100918,3
255,45.019004,-125.103761,3
263,45.023022,-125.103055,3
278,45.011595,-125.102961,3
294,45.020346,-125.097102,3
283,45.023901,-125.101339,3
260,45.014033,-125.104212,3
251,45.024738,-125.099065,3
293,45.021350,-125.095876,3
299,45.023972,-125.104410,3
297,45.016967,-125.107389,3
284,45.020176,-125.105003,3
275,45.022001,-125.100918,3
295,45.024144,-125.102412,3
242,45.025425,-125.096351,3
298,45.023278,-125.094862,3
248,45.014622,-125.106199,3
299,45.023972,-125.104410,3
286,45.023571,-125.105525,3
290,45.026776,-125.098799,3
253,45.026416,-125.097912,3
273,45.019414,-125.107402,3
281,45.024466,-125.094726,3
260,45.014033,-125.104212,3
284,45.020176,-125.105003,3
273,45.019414,-125.107402,3
300,45.024231,-125.094159,3
260,45.014033,-125.104212,3
283,45.023901,-125.101339,3
251,45.024738,-125.099065,3
282,45.020370,-125.101571,3
243,45.025593,-125.103985,3
392,45.025273,-125.101873,3
253,45.026416,-125.097912,3
243,45.025593,-125.103985,3
282,45.020370,-125.101571,3
284,45.020176,-125.105003,3
257,45.018310,-125.107722,3
248,45.014622,-125.106199,3
285,45.022513,-125.101434,3
251,45.024738,-125.099065,3
248,45.014622,-125.106199,3
261,45.019620,-125.102119,3
295,45.024144,-125.102412,3
283,45.023901,-125.101339,3
253,45.026416,-125.097912,3
300,45.024231,-125.094159,3
258,45.021468,-125.104635,3
292,45.022006,-125.100262,3
274,45.024613,-125.101023,3
286,45.023571,-125.105525,3
268,45.023860,-125.101867,3
295,45.024144,-125.102412,3
258,45.021468,-125.104635,3
250,45.014630,-125.104052,3
268,45.023860,-125.101867,3
251,45.024738,-125.099065,3
243,45.025593,-125.103985,3
256,45.019122,-125.102697,3
250,45.014630,-125.104052,3
268,45.023860,-125.101867,3
288,45.022820,-125.094172,3
361,45.016987,-125.109630,3
269,45.019997,-125.099968,3
250,45.014630,-125.104052,3
250,45.014630,-125.104052,3
268,45.023860,-125.101867,3
299,45.023972,-125.104410,3
279,45.016518,-125.111591,3
248,45.014622,-125.106199,3
266,45.010991,-125.101120,3
274,45.024613,-125.101023,3
281,45.024466,-125.094726,3
269,45.019997,-125.099968,3
294,45.020346,-125.097102,3
297,45.016967,-125.107389,3
299,45.023972,-125.104410,3
242,45.025425,-125.096351,3
253,45.026416,-125.097912,3
259,45.018490,-125.097968,3
259,45.018490,-125.097968,3
251,45.024738,-125.099065,3
268,45.023860,-125.101867,3
292,45.022006,-125.100262,3
256,45.019122,-125.102697,3
260,45.014033,-125.104212,3
253,45.026416,-125.097912,3
255,45.019004,-125.103761,3
298,45.023278,-125.094862,3
292,45.022006,-125.100262,3
274,45.024613,-125.101023,3
279,45.016518,-125.111591,3
285,45.022513,-125.101434,3
284,45.020176,-125.105003,3
295,45.024144,-125.102412,3
361,45.016987,-125.109630,3
258,45.021468,-125.104635,3
286,45.023571,-125.105525,3
263,45.023022,-125.103055,3
294,45.020346,-125.097102,3
299,45.023972,-125.104410,3
282,45.020370,-125.101571,3
274,45.024613,-125.101023,3
283,45.023901,-125.101339,3
277,45.017711,-125.107311,3
284,45.020176,-125.105003,3
283,45.023901,-125.101339,3
300,45.024231,-125.094159,3
279,45.016518,-125.111591,3
255,45.019004,-125.103761,3
275,45.022001,-125.100918,3
292,45.022006,-125.100262,3
299,45.023972,-125.104410,3
269,45.019997,-125.099968,3
255,45.019004,-125.103761,3
274,45.024613,-125.101023,3
295,45.024144,-125.102412,3
285,45.022513,-125.101434,3
392,45.025273,-125.101873,3
392,45.025273,-125.101873,3
298,45.023278,-125.094862,3
260,45.014033,-125.104212,3
253,45.026416,-125.097912,3
255,45.019004,-125.103761,3
297,45.016967,-125.107389,3
243,45.025593,-125.103985,3
289,45.024921,-125.096055,3
251,45.024738,-125.099065,3
293,45.021350,-125.095876,3
281,45.024466,-125.094726,3
282,45.020370,-125.101571,3
290,45.026776,-125.098799,3
277,45.017711,-125.107311,3
293,45.021350,-125.095876,3
300,45.024231,-125.094159,3
243,45.025593,-125.103985,3
269,45.019997,-125.099968,3
255,45.019004,-125.103761,3
277,45.017711,-125.107311,3
242,45.025425,-125.096351,3
248,45.014622,-125.106199,3
392,45.025273,-125.101873,3
290,45.026776,-125.098799,3
270,45.028553,-125.104456,3
289,45.024921,-125.096055,3
273,45.019414,-125.107402,3
257,45.018310,-125.107722,3
257,45.018310,-125.107722,3
268,45.023860,-125.101867,3
251,45.024738,-125.099065,3
392,45.025273,-125.101873,3
246,45.019602,-125.100086,3
283,45.023901,-125.101339,3
246,45.019602,-125.100086,3
289,45.024921,-125.096055,3
286,45.023571,-125.105525,3
290,45.026776,-125.098799,3
299,45.023972,-125.104410,3
269,45.019997,-125.099968,3
255,45.019004,-125.103761,3
242,45.025425,-125.096351,3
295,45.024144,-125.102412,3
298,45.023278,-125.094862,3
294,45.020346,-125.097102,3
243,45.025593,-125.103985,3
275,45.022001,-125.100918,3
293,45.021350,-125.095876,3
290,45.026776,-125.098799,3
255,45.019004,-125.103761,3
250,45.014630,-125.104052,3
285,45.022513,-125.101434,3
243,45.025593,-125.103985,3
295,45.024144,-125.102412,3
260,45.014033,-125.104212,3
279,45.016518,-125.111591,3
250,45.014630,-125.104052,3
274,45.024613,-125.101023,3
251,45.024738,-125.099065,3
294,45.020346,-125.097102,3
281,45.024466,-125.094726,3
392,45.025273,-125.101873,3
285,45.022513,-125.101434,3
299,45.023972,-125.104410,3
246,45.019602,-125.100086,3
263,45.023022,-125.103055,3
284,45.020176,-125.105003,3
281,45.024466,-125.094726,3
288,45.022820,-125.094172,3
297,45.016967,-125.107389,3
292,45.022006,-125.100262,3
292,45.022006,-125.100262,3
269,45.019997,-125.099968,3
242,45.025425,-125.096351,3
285,45.022513,-125.101434,3
284,45.020176,-125.105003,3
251,45.024738,-125.099065,3
268,45.023860,-125.101867,3
263,45.023022,-125.103055,3
274,45.024613,-125.101023,3
298,45.023278,-125.094862,3
258,45.021468,-125.104635,3
297,45.016967,-125.107389,3
268,45.023860,-125.101867,3
273,45.019414,-125.107402,3
272,45.016940,-125.096383,3
282,45.020370,-125.101571,3
258,45.021468,-125.104635,3
286,45.023571,-125.105525,3
298,45.023278,-125.094862,3
297,45.016967,-125.107389,3
285,45.022513,-125.101434,3
285,45.022513,-125.101434,3
246,45.019602,-125.100086,3
259,45.018490,-125.097968,3
293,45.021350,-125.095876,3
392,45.025273,-125.101873,3
311,45.014720,-125.102583,3
289,45.024921,-125.096055,3
273,45.019414,-125.107402,3
297,45.016967,-125.107389,3
290,45.026776,-125.098799,3
285,45.022513,-125.101434,3
283,45.023901,-125.101339,3
258,45.021468,-125.104635,3
246,45.019602,-125.100086,3
261,45.019620,-125.102119,3
276,45.023643,-125.089956,3
258,45.021468,-125.104635,3
263,45.023022,-125.103055,3
292,45.022006,-125.100262,3
246,45.019602,-125.100086,3
294,45.020346,-125.097102,3
392,45.025273,-125.101873,3
285,45.022513,-125.101434,3
255,45.019004,-125.103761,3
295,45.024144,-125.102412,3
259,45.018490,-125.097968,3
283,45.023901,-125.101339,3
277,45.017711,-125.107311,3
261,45.019620,-125.102119,3
258,45.021468,-125.104635,3
274,45.024613,-125.101023,3
292,45.022006,-125.100262,3
295,45.024144,-125.102412,3
275,45.022001,-125.100918,3
263,45.023022,-125.103055,3
261,45.019620,-125.102119,3
290,45.026776,-125.098799,3
269,45.019997,-125.099968,3
285,45.022513,-125.101434,3
274,45.024613,-125.101023,3
261,45.019620,-125.102119,3
292,45.022006,-125.100262,3
392,45.025273,-125.101873,3
253,45.026416,-125.097912,3
292,45.022006,-125.100262,3
277,45.017711,-125.107311,3
275,45.022001,-125.100918,3
282,45.020370,-125.101571,3
284,45.020176,-125.105003,3
283,45.023901,-125.101339,3
255,45.019004,-125.103761,3
277,45.017711,-125.107311,3
292,45.022006,-125.100262,3
263,45.023022,-125.103055,3
260,45.014033,-125.104212,3
260,45.014033,-125.104212,3
261,45.019620,-125.102119,3
289,45.024921,-125.096055,3
282,45.020370,-125.101571,3
258,45.021468,-125.104635,3
300,45.024231,-125.094159,3
297,45.016967,-125.107389,3
259,45.018490,-125.097968,3
284,45.020176,-125.105003,3
289,45.024921,-125.096055,3
279,45.016518,-125.111591,3
297,45.016967,-125.107389,3
300,45.024231,-125.094159,3
290,45.026776,-125.098799,3
258,45.021468,-125.104635,3
246,45.019602,-125.100086,3
242,45.025425,-125.096351,3
246,45.019602,-125.100086,3
257,45.018310,-125.107722,3
257,45.018310,-125.107722,3
253,45.026416,-125.097912,3
286,45.023571,-125.105525,3
283,45.023901,-125.101339,3
285,45.022513,-125.101434,3
243,45.025593,-125.103985,3
268,45.023860,-125.101867,3
251,45.024738,-125.099065,3
292,45.022006,-125.100262,3
290,45.026776,-125.098799,3
300,45.024231,-125.094159,3
299,45.023972,-125.104410,3
248,45.014622,-125.106199,3
256,45.019122,-125.102697,3
269,45.019997,-125.099968,3
246,45.019602,-125.100086,3
392,45.025273,-125.101873,3
257,45.018310,-125.107722,3
292,45.022006,-125.100262,3
246,45.019602,-125.100086,3
257,45.018310,-125.107722,3
290,45.026776,-125.098799,3
251,45.024738,-125.099065,3
298,45.023278,-125.094862,3
269,45.019997,-125.099968,3
392,45.025273,-125.101873,3
286,45.023571,-125.105525,3
283,45.023901,-125.101339,3
255,45.019004,-125.103761,3
284,45.020176,-125.105003,3
289,45.024921,-125.096055,3
261,45.019620,-125.102119,3
282,45.020370,-125.101571,3
285,45.022513,-125.101434,3
286,45.023571,-125.105525,3
259,45.018490,-125.097968,3
290,45.026776,-125.098799,3
279,45.016518,-125.111591,3
275,45.022001,-125.100918,3
254,45.024888,-125.108694,3
282,45.020370,-125.101571,3
294,45.020346,-125.097102,3
258,45.021468,-125.104635,3
243,45.025593,-125.103985,3
392,45.025273,-125.101873,3
361,45.016987,-125.109630,3
295,45.024144,-125.102412,3
292,45.022006,-125.100262,3
284,45.020176,-125.105003,3
299,45.023972,-125.104410,3
282,45.020370,-125.101571,3
263,45.023022,-125.103055,3
244,45.011706,-125.107523,3
294,45.020346,-125.097102,3
243,45.025593,-125.103985,3
248,45.014622,-125.106199,3
263,45.023022,-125.103055,3
277,45.017711,-125.107311,3
255,45.019004,-125.103761,3
242,45.025425,-125.096351,3
274,45.024613,-125.101023,3
285,45.022513,-125.101434,3
258,45.021468,-125.104635,3
260,45.014033,-125.104212,3
279,45.016518,-125.111591,3
295,45.024144,-125.102412,3
263,45.023022,-125.103055,3
260,45.014033,-125.104212,3
251,45.024738,-125.099065,3
309,45.066773,-125.095707,0
447,45.033432,-125.041605,0
103,45.060921,-125.048122,0
203,45.077833,-125.072170,0
481,45.024080,-125.117356,0
483,45.026441,-125.065458,0
409,45.028206,-125.111879,0
217,45.087795,-125.054987,0
321,45.030270,-125.101821,0
367,45.036297,-124.988683,0
331,44.991254,-124.991666,0
403,45.054629,-125.040569,0
355,45.030230,-125.119198,0
395,45.079248,-125.024554,0
429,45.073148,-124.933668,0
333,45.087826,-125.107979,0
343,45.049493,-124.970490,0
347,45.012897,-125.078092,0
471,45.037464,-125.095784,0
411,45.052815,-125.041468,0
393,44.997065,-125.057397,0
489,45.039258,-125.077407,0
33,44.991843,-124.991727,0
23,44.990543,-124.995181,0
453,44.993977,-125.034078,0
425,45.008376,-125.014877,0
405,45.057690,-125.082992,0
431,45.010299,-124.935301,0
391,45.002319,-125.091772,0
363,45.071266,-125.103138,0
225,45.069465,-125.061552,0
455,45.061024,-125.050536,0
413,45.014040,-124.916891,0
475,45.086940,-125.046533,0
325,45.010735,-125.053370,0
465,45.066691,-124.938418,0
323,45.029798,-124.967007,0
407,45.086234,-124.948568,0
387,45.080886,-125.110525,0
419,45.056654,-124.952847,0
345,45.021299,-124.960404,0
477,45.072410,-124.922114,0
427,44.992828,-125.049172,0
375,45.000519,-124.960985,0
154,45.044036,-125.011926,4
140,45.043231,-125.009140,4
170,45.043971,-125.006558,4
126,45.037689,-125.010074,4
130,45.033887,-125.006236,4
178,45.036249,-125.009634,4
124,45.040162,-125.014927,4
124,45.040162,-125.014927,4
152,45.038948,-125.015821,4
129,45.036775,-125.003788,4
124,45.040162,-125.014927,4
132,45.036401,-125.008648,4
169,45.041643,-125.016226,4
148,45.049639,-125.014390,4
443,45.047236,-125.004547,4
160,45.039940,-125.011628,4
170,45.043971,-125.006558,4
123,45.039604,-125.014985,4
122,45.035513,-125.006669,4
155,45.047793,-125.011071,4
140,45.043231,-125.009140,4
160,45.039940,-125.011628,4
179,45.039758,-125.007566,4
162,45.040694,-125.014354,4
163,45.046873,-125.012747,4
443,45.047236,-125.004547,4
132,45.036401,-125.008648,4
130,45.033887,-125.006236,4
161,45.043612,-125.009633,4
137,45.044105,-125.008665,4
168,45.039706,-125.005868,4
173,45.033911,-125.009513,4
164,45.032479,-125.007805,4
180,45.043731,-125.014482,4
162,45.040694,-125.014354,4
124,45.040162,-125.014927,4
147,45.043395,-125.013986,4
136,45.041229,-125.012397,4
179,45.039758,-125.007566,4
157,45.038237,-125.014867,4
126,45.037689,-125.010074,4
127,45.044755,-125.014534,4
167,45.035994,-125.009311,4
162,45.040694,-125.014354,4
161,45.043612,-125.009633,4
178,45.036249,-125.009634,4
173,45.033911,-125.009513,4
156,45.041703,-125.005201,4
322,45.045647,-125.006276,4
160,45.039940,-125.011628,4
152,45.038948,-125.015821,4
137,45.044105,-125.008665,4
165,45.039024,-125.007514,4
132,45.036401,-125.008648,4
169,45.041643,-125.016226,4
140,45.043231,-125.009140,4
172,45.043614,-125.010698,4
168,45.039706,-125.005868,4
132,45.036401,-125.008648,4
169,45.041643,-125.016226,4
162,45.040694,-125.014354,4
132,45.036401,-125.008648,4
131,45.036977,-125.013357,4
150,45.040184,-125.011989,4
165,45.039024,-125.007514,4
169,45.041643,-125.016226,4
123,45.039604,-125.014985,4
161,45.043612,-125.009633,4
169,45.041643,-125.016226,4
163,45.046873,-125.012747,4
123,45.039604,-125.014985,4
420,45.050256,-125.001659,4
154,45.044036,-125.011926,4
168,45.039706,-125.005868,4
165,45.039024,-125.007514,4
152,45.038948,-125.015821,4
157,45.038237,-125.014867,4
124,45.040162,-125.014927,4
140,45.043231,-125.009140,4
147,45.043395,-125.013986,4
144,45.044887,-125.013809,4
177,45.044514,-125.006757,4
159,45.035375,-125.011503,4
173,45.033911,-125.009513,4
159,45.035375,-125.011503,4
143,45.048511,-125.015533,4
126,45.037689,-125.010074,4
178,45.036249,-125.009634,4
131,45.036977,-125.013357,4
131,45.036977,-125.013357,4
152,45.038948,-125.015821,4
179,45.039758,-125.007566,4
162,45.040694,-125.014354,4
160,45.039940,-125.011628,4
126,45.037689,-125.010074,4
179,45.039758,-125.007566,4
125,45.042256,-125.005639,4
134,45.039700,-125.007315,4
153,45.042308,-125.012032,4
162,45.040694,-125.014354,4
153,45.042308,-125.012032,4
124,45.040162,-125.014927,4
154,45.044036,-125.011926,4
161,45.043612,-125.009633,4
172,45.043614,-125.010698,4
166,45.036503,-125.011109,4
152,45.038948,-125.015821,4
125,45.042256,-125.005639,4
148,45.049639,-125.014390,4
137,45.044105,-125.008665,4
179,45.039758,-125.007566,4
140,45.043231,-125.009140,4
144,45.044887,-125.013809,4
132,45.036401,-125.008648,4
129,45.036775,-125.003788,4
178,45.036249,-125.009634,4
130,45.033887,-125.006236,4
167,45.035994,-125.009311,4
141,45.032816,-125.004175,4
160,45.039940,-125.011628,4
130,45.033887,-125.006236,4
156,45.041703,-125.005201,4
150,45.040184,-125.011989,4
160,45.039940,-125.011628,4
172,45.043614,-125.010698,4
157,45.038237,-125.014867,4
155,45.047793,-125.011071,4
153,45.042308,-125.012032,4
172,45.043614,-125.010698,4
156,45.041703,-125.005201,4
131,45.036977,-125.013357,4
134,45.039700,-125.007315,4
159,45.035375,-125.011503,4
168,45.039706,-125.005868,4
157,45.038237,-125.014867,4
173,45.033911,-125.009513,4
130,45.033887,-125.006236,4
155,45.047793,-125.011071,4
126,45.037689,-125.010074,4
179,45.039758,-125.007566,4
173,45.033911,-125.009513,4
166,45.036503,-125.011109,4
167,45.035994,-125.009311,4
132,45.036401,-125.008648,4
154,45.044036,-125.011926,4
159,45.035375,-125.011503,4
122,45.035513,-125.006669,4
163,45.046873,-125.012747,4
166,45.036503,-125.011109,4
126,45.037689,-125.010074,4
162,45.040694,-125.014354,4
161,45.043612,-125.009633,4
136,45.041229,-125.012397,4
126,45.037689,-125.010074,4
168,45.039706,-125.005868,4
131,45.036977,-125.013357,4
148,45.049639,-125.014390,4
443,45.047236,-125.004547,4
123,45.039604,-125.014985,4
137,45.044105,-125.008665,4
136,45.041229,-125.012397,4
163,45.046873,-125.012747,4
150,45.040184,-125.011989,4
170,45.043971,-125.006558,4
122,45.035513,-125.006669,4
140,45.043231,-125.009140,4
136,45.041229,-125.012397,4
123,45.039604,-125.014985,4
152,45.038948,-125.015821,4
153,45.042308,-125.012032,4
130,45.033887,-125.006236,4
136,45.041229,-125.012397,4
140,45.043231,-125.009140,4
169,45.041643,-125.016226,4
163,45.046873,-125.012747,4
156,45.041703,-125.005201,4
180,45.043731,-125.014482,4
154,45.044036,-125.011926,4
124,45.040162,-125.014927,4
172,45.043614,-125.010698,4
322,45.045647,-125.006276,4
134,45.039700,-125.007315,4
153,45.042308,-125.012032,4
138,45.036055,-125.004734,4
322,45.045647,-125.006276,4
136,45.041229,-125.012397,4
144,45.044887,-125.013809,4
137,45.044105,-125.008665,4
172,45.043614,-125.010698,4
165,45.039024,-125.007514,4
154,45.044036,-125.011926,4
136,45.041229,-125.012397,4
157,45.038237,-125.014867,4
178,45.036249,-125.009634,4
129,45.036775,-125.003788,4
129,45.036775,-125.003788,4
172,45.043614,-125.010698,4
178,45.036249,-125.009634,4
136,45.041229,-125.012397,4
177,45.044514,-125.006757,4
147,45.043395,-125.013986,4
165,45.039024,-125.007514,4
180,45.043731,-125.014482,4
155,45.047793,-125.011071,4
137,45.044105,-125.008665,4
136,45.041229,-125.012397,4
129,45.036775,-125.003788,4
154,45.044036,-125.011926,4
322,45.045647,-125.006276,4
170,45.043971,-125.006558,4
122,45.035513,-125.006669,4
178,45.036249,-125.009634,4
127,45.044755,-125.014534,4
159,45.035375,-125.011503,4
122,45.035513,-125.006669,4
150,45.040184,-125.011989,4
123,45.039604,-125.014985,4
163,45.046873,-125.012747,4
137,45.044105,-125.008665,4
122,45.035513,-125.006669,4
127,45.044755,-125.014534,4
172,45.043614,-125.010698,4
180,45.043731,-125.014482,4
161,45.043612,-125.009633,4
163,45.046873,-125.012747,4
137,45.044105,-125.008665,4
443,45.047236,-125.004547,4
153,45.042308,-125.012032,4
165,45.039024,-125.007514,4
153,45.042308,-125.012032,4
179,45.039758,-125.007566,4
126,45.037689,-125.010074,4
125,45.042256,-125.005639,4
180,45.043731,-125.014482,4
162,45.040694,-125.014354,4
150,45.040184,-125.011989,4
125,45.042256,-125.005639,4
162,45.040694,-125.014354,4
177,45.044514,-125.006757,4
155,45.047793,-125.011071,4
136,45.041229,-125.012397,4
165,45.039024,-125.007514,4
178,45.036249,-125.009634,4
180,45.043731,-125.014482,4
153,45.042308,-125.012032,4
122,45.035513,-125.006669,4
160,45.039940,-125.011628,4
168,45.039706,-125.005868,4
150,45.040184,-125.011989,4
173,45.033911,-125.009513,4
137,45.044105,-125.008665,4
153,45.042308,-125.012032,4
443,45.047236,-125.004547,4
148,45.049639,-125.014390,4
165,45.039024,-125.007514,4
178,45.036249,-125.009634,4
157,45.038237,-125.014867,4
322,45.045647,-125.006276,4
150,45.040184,-125.011989,4
161,45.043612,-125.009633,4
134,45.039700,-125.007315,4
137,45.044105,-125.008665,4
153,45.042308,-125.012032,4
177,45.044514,-125.006757,4
443,45.047236,-125.004547,4
177,45.044514,-125.006757,4
163,45.046873,-125.012747,4
150,45.040184,-125.011989,4
124,45.040162,-125.014927,4
156,45.041703,-125.005201,4
167,45.035994,-125.009311,4
147,45.043395,-125.013986,4
130,45.033887,-125.006236,4
150,45.040184,-125.011989,4
134,45.039700,-125.007315,4
173,45.033911,-125.009513,4
443,45.047236,-125.004547,4
153,45.042308,-125.012032,4
159,45.035375,-125.011503,4
156,45.041703,-125.005201,4
148,45.049639,-125.014390,4
169,45.041643,-125.016226,4
154,45.044036,-125.011926,4
130,45.033887,-125.006236,4
127,45.044755,-125.014534,4
167,45.035994,-125.009311,4
126,45.037689,-125.010074,4
160,45.039940,-125.011628,4
179,45.039758,-125.007566,4
126,45.037689,-125.010074,4
145,45.032720,-125.008300,4
150,45.040184,-125.011989,4
137,45.044105,-125.008665,4
172,45.043614,-125.010698,4
173,45.033911,-125.009513,4
156,45.041703,-125.005201,4
125,45.042256,-125.005639,4
144,45.044887,-125.013809,4
163,45.046873,-125.012747,4
150,45.040184,-125.011989,4
152,45.038948,-125.015821,4
163,45.046873,-125.012747,4
168,45.039706,-125.005868,4
132,45.036401,-125.008648,4
122,45.035513,-125.006669,4
131,45.036977,-125.013357,4
165,45.039024,-125.007514,4
163,45.046873,-125.012747,4
140,45.043231,-125.009140,4
122,45.035513,-125.006669,4
132,45.036401,-125.008648,4
122,45.035513,-125.006669,4
156,45.041703,-125.005201,4
173,45.033911,-125.009513,4
154,45.044036,-125.011926,4
125,45.042256,-125.005639,4
144,45.044887,-125.013809,4
144,45.044887,-125.013809,4
144,45.044887,-125.013809,4
127,45.044755,-125.014534,4
178,45.036249,-125.009634,4
170,45.043971,-125.006558,4
157,45.038237,-125.014867,4
161,45.043612,-125.009633,4
159,45.035375,-125.011503,4
162,45.040694,-125.014354,4
170,45.043971,-125.006558,4
136,45.041229,-125.012397,4
132,45.036401,-125.008648,4
180,45.043731,-125.014482,4
169,45.041643,-125.016226,4
165,45.039024,-125.007514,4
132,45.036401,-125.008648,4
172,45.043614,-125.010698,4
122,45.035513,-125.006669,4
172,45.043614,-125.010698,4
161,45.043612,-125.009633,4
155,45.047793,-125.011071,4
167,45.035994,-125.009311,4
123,45.039604,-125.014985,4
178,45.036249,-125.009634,4
322,45.045647,-125.006276,4
130,45.033887,-125.006236,4
154,45.044036,-125.011926,4
147,45.043395,-125.013986,4
162,45.040694,-125.014354,4
175,45.046356,-125.000327,4
137,45.044105,-125.008665,4
158,45.047094,-125.015601,4
148,45.049639,-125.014390,4
146,45.048571,-125.010302,4
129,45.036775,-125.003788,4
153,45.042308,-125.012032,4
167,45.035994,-125.009311,4
154,45.044036,-125.011926,4
144,45.044887,-125.013809,4
147,45.043395,-125.013986,4
153,45.042308,-125.012032,4
173,45.033911,-125.009513,4
159,45.035375,-125.011503,4
131,45.036977,-125.013357,4
129,45.036775,-125.003788,4
168,45.039706,-125.005868,4
322,45.045647,-125.006276,4
140,45.043231,-125.009140,4
166,45.036503,-125.011109,4
161,45.043612,-125.009633,4
177,45.044514,-125.006757,4
166,45.036503,-125.011109,4
157,45.038237,-125.014867,4
152,45.038948,-125.015821,4
172,45.043614,-125.010698,4
140,45.043231,-125.009140,4
162,45.040694,-125.014354,4
154,45.044036,-125.011926,4
150,45.040184,-125.011989,4
140,45.043231,-125.009140,4
123,45.039604,-125.014985,4
153,45.042308,-125.012032,4
137,45.044105,-125.008665,4
131,45.036977,-125.013357,4
125,45.042256,-125.005639,4
167,45.035994,-125.009311,4
136,45.041229,-125.012397,4
131,45.036977,-125.013357,4
163,45.046873,-125.012747,4
153,45.042308,-125.012032,4
148,45.049639,-125.014390,4
156,45.041703,-125.005201,4
159,45.035375,-125.011503,4
124,45.040162,-125.014927,4
123,45.039604,-125.014985,4
140,45.043231,-125.009140,4
165,45.039024,-125.007514,4
322,45.045647,-125.006276,4
127,45.044755,-125.014534,4
177,45.044514,-125.006757,4
130,45.033887,-125.006236,4
125,45.042256,-125.005639,4
159,45.035375,-125.011503,4
129,45.036775,-125.003788,4
134,45.039700,-125.007315,4
166,45.036503,-125.011109,4
125,45.042256,-125.005639,4
177,45.044514,-125.006757,4
166,45.036503,-125.011109,4
172,45.043614,-125.010698,4
144,45.044887,-125.013809,4
169,45.041643,-125.016226,4
137,45.044105,-125.008665,4
178,45.036249,-125.009634,4
159,45.035375,-125.011503,4
151,45.032903,-125.014213,4
161,45.043612,-125.009633,4
154,45.044036,-125.011926,4
165,45.039024,-125.007514,4
179,45.039758,-125.007566,4
180,45.043731,-125.014482,4
322,45.045647,-125.006276,4
122,45.035513,-125.006669,4
157,45.038237,-125.014867,4
153,45.042308,-125.012032,4
159,45.035375,-125.011503,4
136,45.041229,-125.012397,4
140,45.043231,-125.009140,4
322,45.045647,-125.006276,4
147,45.043395,-125.013986,4
129,45.036775,-125.003788,4
154,45.044036,-125.011926,4
147,45.043395,-125.013986,4
152,45.038948,-125.015821,4
168,45.039706,-125.005868,4
165,45.039024,-125.007514,4
126,45.037689,-125.010074,4
177,45.044514,-125.006757,4
123,45.039604,-125.014985,4
166,45.036503,-125.011109,4
166,45.036503,-125.011109,4
123,45.039604,-125.014985,4
180,45.043731,-125.014482,4
124,45.040162,-125.014927,4
139,45.045763,-125.001804,4
162,45.040694,-125.014354,4
167,45.035994,-125.009311,4
133,45.049719,-125.008328,4
166,45.036503,-125.011109,4
121,45.048526,-125.007383,4
161,45.043612,-125.009633,4
160,45.039940,-125.011628,4
179,45.039758,-125.007566,4
150,45.040184,-125.011989,4
174,45.051104,-125.017420,4
179,45.039758,-125.007566,4
157,45.038237,-125.014867,4
128,45.052280,-125.012784,4
125,45.042256,-125.005639,4
160,45.039940,-125.011628,4
131,45.036977,-125.013357,4
132,45.036401,-125.008648,4
170,45.043971,-125.006558,4
142,45.038262,-125.002994,4
170,45.043971,-125.006558,4
125,45.042256,-125.005639,4
167,45.035994,-125.009311,4
155,45.047793,-125.011071,4
167,45.035994,-125.009311,4
176,45.050784,-125.013967,4
160,45.039940,-125.011628,4
155,45.047793,-125.011071,4
156,45.041703,-125.005201,4
130,45.033887,-125.006236,4
127,45.044755,-125.014534,4
144,45.044887,-125.013809,4
161,45.043612,-125.009633,4
127,45.044755,-125.014534,4
322,45.045647,-125.006276,4
170,45.043971,-125.006558,4
134,45.039700,-125.007315,4
160,45.039940,-125.011628,4
126,45.037689,-125.010074,4
177,45.044514,-125.006757,4
136,45.041229,-125.012397,4
135,45.033275,-125.013068,4
153,45.042308,-125.012032,4
136,45.041229,-125.012397,4
122,45.035513,-125.006669,4
153,45.042308,-125.012032,4
159,45.035375,-125.011503,4
180,45.043731,-125.014482,4
134,45.039700,-125.007315,4
162,45.040694,-125.014354,4
443,45.047236,-125.004547,4
155,45.047793,-125.011071,4
148,45.049639,-125.014390,4
122,45.035513,-125.006669,4
160,45.039940,-125.011628,4
165,45.039024,-125.007514,4
134,45.039700,-125.007315,4
166,45.036503,-125.011109,4
126,45.037689,-125.010074,4
180,45.043731,-125.014482,4
169,45.041643,-125.016226,4
173,45.033911,-125.009513,4
136,45.041229,-125.012397,4
152,45.038948,-125.015821,4
126,45.037689,-125.010074,4
169,45.041643,-125.016226,4
134,45.039700,-125.007315,4
147,45.043395,-125.013986,4
144,45.044887,-125.013809,4
157,45.038237,-125.014867,4
127,45.044755,-125.014534,4
169,45.041643,-125.016226,4
160,45.039940,-125.011628,4
123,45.039604,-125.014985,4
127,45.044755,-125.014534,4
156,45.041703,-125.005201,4
150,45.040184,-125.011989,4
443,45.047236,-125.004547,4
166,45.036503,-125.011109,4
171,45.045340,-125.001598,4
147,45.043395,-125.013986,4
148,45.049639,-125.014390,4
172,45.043614,-125.010698,4
172,45.043614,-125.010698,4
173,45.033911,-125.009513,4
161,45.043612,-125.009633,4
155,45.047793,-125.011071,4
443,45.047236,-125.004547,4
126,45.037689,-125.010074,4
147,45.043395,-125.013986,4
136,45.041229,-125.012397,4
131,45.036977,-125.013357,4
167,45.035994,-125.009311,4
127,45.044755,-125.014534,4
349,45.017647,-124.917160,0
149,45.043636,-124.999538,0
445,45.068028,-124.902483,0
313,44.999917,-124.934054,0
305,45.082266,-125.036327,0
385,45.052251,-125.108784,0
421,45.043504,-125.051271,0
463,45.006368,-125.084851,0
435,45.073755,-125.035638,0
423,45.076335,-125.073936,0
467,45.043761,-125.052759,0
61,45.051198,-125.047779,0
337,44.996808,-124.905247,0
15,45.004383,-125.014928,0
301,45.059360,-124.996929,0
397,45.025264,-125.023415,0
485,45.001487,-124.959890,0
401,45.032724,-124.903165,0
441,45.016629,-125.011849,0
379,45.075848,-124.956180,0
329,45.084321,-125.077081,0
351,45.024483,-124.991276,0
27,44.996348,-125.010469,0
469,45.017418,-124.967150,0
245,45.022219,-125.113816,0
479,45.042102,-125.024753,0
317,45.013406,-125.028127,0
335,45.026238,-125.028865,0
377,45.019977,-124.921047,0
493,45.011655,-125.043965,0
389,45.077742,-124.925740,0
461,45.032858,-124.997074,0
357,45.031427,-125.116115,0
487,44.997528,-124.910178,0
499,45.081493,-124.969810,0
457,45.058034,-124.974587,0
365,45.086837,-124.979273,0
433,45.066016,-125.038576,0
315,44.993962,-125.035637,0
