18,47
1,9
46,24
85,85
64,71
274,285
183,187
210,182
339,339
443,171
154,172
267,267
375,375
79,110
406,73
196,181
259,293
221,218
279,297
132,165
332,332
163,154
147,161
78,78
273,284
185,381
166,173
32,29
295,392
67,104
200,231
150,150
289,289
210,199
92,216
282,255
39,35
190,190
67,65
70,70
197,191
123,136
152,150
192,211
64,77
66,75
132,178
297,273
153,162
459,459
208,196
160,124
18,49
106,96
312,312
289,281
162,180
379,379
62,62
251,275
187,235
220,196
77,118
49,56
292,283
124,162
258,263
283,258
222,228
277,248
41,41
397,397
196,187
162,153
231,192
226,237
230,205
68,66
134,125
281,290
494,494
74,98
86,64
500,500
49,1
129,165
258,274
207,207
66,68
104,70
255,246
307,307
75,93
89,89
106,117
196,224
236,223
156,170
96,117
16,9
207,195
70,94
52,56
198,185
6,31
50,49
80,80
126,166
327,327
198,381
281,300
153,160
160,153
69,87
226,194
116,110
2,24
172,172
285,261
9,32
182,182
105,68
208,211
184,214
248,244
274,243
38,38
285,243
120,218
82,79
346,346
223,188
50,21
110,86
227,232
186,191
248,260
232,214
13,13
411,411
79,84
221,182
216,216
285,283
49,29
150,152
281,281
268,268
215,215
219,219
85,72
140,177
66,105
166,159
130,129
378,378
407,407
199,232
195,92
125,161
474,474
179,126
269,263
257,257
361,248
188,205
406,112
215,211
192,228
177,443
182,229
197,201
98,96
180,144
196,196
20,20
18,18
165,165
10,54
281,298
237,198
157,166
187,183
199,195
98,119
42,46
86,71
186,236
39,24
39,42
264,264
244,244
363,363
268,299
105,79
235,228
54,36
269,261
85,96
274,274
71,118
187,237
211,200
132,130
218,188
132,138
189,88
102,209
361,257
236,197
72,98
257,284
243,270
496,496
178,165
139,139
236,236
134,156
279,361
365,365
129,138
231,215
497,497
201,201
227,236
98,209
381,211
83,83
297,279
201,238
66,79
55,48
228,228
274,258
292,274
120,182
385,385
285,263
194,237
221,205
185,190
160,157
137,443
256,258
274,292
21,41
78,72
121,121
356,356
229,195
220,194
79,82
100,117
140,140
75,79
263,292
237,237
198,211
1,1
120,188
148,148
258,261
186,207
222,200
231,240
136,169
159,151
269,292
282,259
116,116
477,477
178,178
183,211
250,278
255,284
54,18
160,131
282,246
211,183
277,279
127,163
463,463
208,215
93,93
71,109
260,271
16,3
259,246
394,42
265,265
68,75
392,299
268,275
152,123
499,499
279,279
185,220
74,120
152,152
199,229
184,191
39,11
93,79
194,226
168,142
297,277
210,230
273,257
161,170
157,159
98,117
216,205
246,275
52,18
79,75
228,183
277,255
119,96
52,54
134,129
195,210
66,95
110,116
366,366
236,230
251,268
119,104
235,73
93,84
221,223
58,492
150,123
460,460
384,384
119,117
297,248
26,26
289,300
392,392
187,220
98,78
263,285
410,410
85,209
191,214
31,31
46,11
93,95
126,162
159,166
392,253
104,67
136,150
167,167
236,214
420,420
258,256
127,147
209,119
209,209
196,198
188,199
213,213
83,85
154,161
110,95
199,216
185,196
361,297
207,216
161,172
91,219
11,22
84,66
92,210
163,143
90,90
78,209
161,136
194,190
172,154
42,39
50,52
242,251
155,155
182,81
439,439
138,138
483,483
146,146
126,131
228,198
227,339
81,67
246,282
92,195
190,381
205,182
231,406
290,290
381,226
84,93
263,263
118,116
119,85
186,214
196,211
126,168
211,190
490,490
58,12
406,202
382,382
415,415
222,220
72,74
406,231
14,1
155,133
46,2
179,160
213,233
256,269
238,238
484,484
184,227
197,339
67,117
40,42
200,381
214,223
147,154
217,217
153,153
56,10
247,247
32,14
42,40
292,294
229,92
377,377
187,211
292,263
241,241
92,205
162,124
96,74
74,218
41,54
381,381
211,215
165,138
284,282
29,14
83,72
11,11
2,39
448,448
49,50
35,60
99,73
79,105
274,290
388,388
318,318
182,230
240,200
9,25
131,131
153,140
419,419
81,229
235,202
227,191
189,189
476,476
188,223
67,70
79,93
186,232
84,79
232,199
85,67
86,77
86,118
229,216
242,288
130,167
281,289
443,322
235,235
445,445
213,240
249,249
300,281
32,25
46,394
104,117
361,417
1,29
252,252
299,299
147,127
214,184
173,166
77,71
295,286
188,221
352,352
18,5
229,81
177,137
214,197
270,270
263,283
229,199
124,124
213,200
192,192
381,196
136,147
381,237
131,173
286,268
166,126
93,66
173,164
88,112
117,104
394,35
183,204
110,77
211,220
263,249
75,110
230,216
222,198
322,443
40,22
358,358
215,192
157,162
119,119
190,237
196,183
78,96
66,110
87,106
102,230
211,202
350,350
159,157
72,72
211,185
198,202
260,374
214,186
319,319
227,197
214,232
209,74
28,20
185,187
218,120
275,295
152,136
95,95
223,214
140,137
361,273
288,288
381,194
82,68
187,228
160,179
153,137
251,295
19,19
119,70
124,157
92,102
58,58
112,99
286,295
424,424
218,221
235,196
191,227
211,381
129,129
232,191
150,136
58,47
18,54
92,182
292,285
231,231
208,222
210,229
85,119
68,93
81,81
88,215
498,498
156,134
311,311
10,47
59,48
437,437
6,44
72,119
258,258
330,330
209,98
248,361
144,153
153,144
35,2
275,255
172,127
292,269
406,406
50,41
96,96
73,88
72,117
211,187
200,226
83,96
355,355
402,402
482,482
48,59
285,294
269,269
216,182
298,294
59,59
280,280
297,361
200,200
277,284
285,285
152,169
28,60
200,198
114,114
289,290
297,257
173,135
381,192
188,188
370,370
52,21
237,211
120,221
263,258
248,297
87,117
237,185
446,446
75,105
182,92
187,196
215,208
298,298
48,6
14,7
56,21
233,233
228,200
253,268
173,173
467,467
275,268
282,282
172,161
81,209
159,135
64,86
167,132
236,188
110,71
184,201
180,153
183,185
183,228
106,119
221,221
21,21
413,413
98,83
126,179
295,268
37,19
258,283
215,406
236,227
328,328
465,465
286,299
81,182
203,203
65,65
117,87
151,151
184,223
1,25
101,101
425,425
52,47
221,120
161,125
77,77
93,68
117,83
104,209
398,398
119,72
94,70
188,230
75,84
215,220
88,88
221,236
17,60
223,201
255,257
201,339
269,272
40,39
94,104
130,138
165,132
190,211
189,99
172,147
329,329
29,32
96,119
198,222
225,225
372,372
181,181
215,200
322,140
74,85
119,83
211,196
85,70
491,491
231,88
88,231
40,11
39,53
316,316
208,208
66,93
136,152
232,236
243,263
55,55
211,211
78,83
112,107
223,186
303,303
305,305
200,222
21,50
10,58
457,457
196,228
188,120
118,77
342,342
96,83
394,46
357,357
25,25
190,196
210,207
230,120
50,54
32,32
184,236
214,191
35,42
208,187
253,251
5,29
54,54
136,172
196,220
18,56
434,434
120,74
187,190
52,50
295,275
423,423
253,253
227,214
42,2
198,198
54,47
230,210
344,344
185,237
341,341
29,25
373,373
24,11
73,99
40,24
495,495
117,117
220,226
297,297
277,297
144,144
54,41
69,117
253,392
204,204
159,126
430,430
283,263
110,75
85,100
269,285
257,279
285,258
283,243
41,50
127,172
177,177
130,178
100,87
148,128
228,222
351,351
215,228
237,187
123,169
279,277
73,73
387,387
162,162
251,242
37,57
226,226
275,246
322,139
251,253
3,3
234,234
147,169
182,216
199,92
60,35
190,220
155,144
169,169
107,107
209,85
47,47
440,440
164,164
54,50
196,185
17,20
57,57
229,230
40,46
137,137
240,213
162,126
69,70
480,480
263,243
422,422
105,93
232,186
88,73
255,277
190,187
6,48
102,205
83,119
231,222
5,18
136,154
338,338
455,455
161,161
9,1
443,175
78,104
11,40
260,260
196,190
63,63
29,16
5,56
237,220
42,42
122,122
78,70
149,149
66,66
238,227
294,294
74,96
194,194
170,161
240,202
161,147
102,92
492,492
177,322
58,10
394,55
260,244
122,164
87,100
169,150
87,87
286,392
64,118
187,239
55,46
246,293
205,120
100,70
88,202
160,160
116,71
16,29
295,295
56,18
374,374
216,195
9,14
5,1
287,287
21,18
412,412
169,147
86,86
48,8
269,256
53,53
37,37
325,325
214,238
34,34
35,35
24,24
471,471
261,269
118,71
216,210
293,259
16,25
41,21
222,88
74,72
45,45
194,381
92,230
215,235
142,142
359,359
340,340
111,111
211,237
393,393
108,108
140,153
199,188
206,206
273,361
216,229
380,380
127,154
349,349
190,194
182,120
236,186
64,64
183,208
25,1
110,79
242,242
86,110
169,136
205,229
221,199
18,10
14,29
172,170
299,286
165,167
443,177
131,166
167,165
221,188
85,98
71,71
141,141
257,277
353,353
369,369
79,79
487,487
210,216
155,146
195,207
122,173
91,213
104,85
182,210
205,188
222,222
362,362
170,156
93,75
134,134
136,123
226,381
74,119
166,122
283,274
489,489
24,40
230,102
240,240
88,189
88,406
119,78
109,109
165,150
166,157
147,147
186,223
106,69
292,258
116,64
154,136
179,168
17,57
218,205
96,98
278,278
182,205
18,52
371,371
91,91
184,184
199,221
66,84
228,220
228,187
2,2
283,285
127,158
11,24
227,184
14,32
133,133
185,198
464,464
81,74
300,298
118,64
469,469
202,202
261,256
230,229
16,32
123,150
255,273
49,25
167,178
441,441
197,184
475,475
462,462
214,201
218,230
213,91
392,251
198,237
408,408
131,157
70,100
24,39
94,100
401,401
7,7
200,228
255,297
169,127
180,162
32,16
82,80
82,82
334,334
127,127
211,228
220,192
106,70
102,229
485,485
255,255
176,176
229,210
165,134
322,146
209,78
198,192
35,46
42,35
299,392
279,273
148,146
74,209
184,197
25,9
157,160
115,115
157,131
75,66
87,90
195,229
231,200
218,74
24,22
10,52
293,288
294,269
69,106
326,326
403,403
154,158
222,231
296,296
253,242
228,235
290,289
104,119
199,199
222,202
211,235
60,17
79,68
189,73
55,59
438,438
291,291
196,208
228,185
273,297
185,208
436,436
117,85
208,202
106,100
208,185
314,314
192,231
248,271
443,133
154,169
150,169
137,153
256,261
223,184
74,74
240,222
71,86
361,361
223,238
29,7
298,281
260,248
35,39
11,46
284,275
211,208
202,240
163,158
187,198
195,182
418,418
128,128
78,85
102,81
202,222
300,289
275,275
392,295
240,215
192,215
223,223
112,88
72,78
258,292
313,313
85,78
61,61
295,299
39,40
220,220
75,68
230,182
1,14
99,107
100,100
129,130
277,277
70,119
227,223
236,221
228,73
56,56
118,86
283,283
198,215
186,199
24,42
220,198
202,73
117,106
261,285
92,199
29,5
137,322
20,13
347,347
215,198
197,214
184,339
25,49
29,29
84,110
39,39
277,273
179,153
75,75
226,192
72,209
32,9
131,126
486,486
238,184
200,240
222,406
195,216
96,72
235,215
43,43
54,10
94,87
331,331
190,239
220,187
150,165
208,183
60,2
125,156
224,224
99,99
443,137
230,188
154,154
97,97
84,105
237,196
284,255
6,59
202,198
83,209
268,251
243,285
211,198
54,56
376,376
156,165
238,201
86,116
292,256
304,304
65,81
210,205
17,17
59,55
117,69
426,426
202,231
9,16
227,201
126,160
273,255
294,298
73,208
191,184
199,210
156,156
394,394
292,292
193,234
182,102
282,275
129,134
182,195
117,119
194,220
47,52
125,170
232,227
69,96
259,374
404,404
21,56
260,266
381,185
71,116
131,159
196,235
322,322
243,243
71,77
231,202
232,232
116,118
263,269
165,178
238,223
147,136
237,190
10,56
472,472
12,12
279,417
42,11
173,159
35,394
345,345
192,222
93,105
168,126
406,222
201,223
85,83
106,106
132,132
145,145
367,367
453,453
41,36
83,98
165,129
259,282
183,183
47,18
277,361
229,182
258,249
190,185
160,162
228,211
230,92
481,481
119,67
215,240
76,76
2,60
122,166
171,171
49,18
214,214
81,83
242,253
299,275
248,277
172,136
127,169
72,85
322,137
320,320
78,117
153,180
81,102
77,110
102,182
84,68
161,154
49,9
187,185
199,230
488,488
119,98
222,235
27,27
170,172
182,218
169,152
71,110
208,235
391,391
240,192
202,88
113,113
92,229
192,226
193,193
226,190
46,46
22,22
321,321
235,222
83,78
41,52
67,119
73,228
221,230
104,94
105,66
110,68
268,392
285,269
144,180
52,41
257,255
202,211
117,78
416,416
156,161
256,292
88,99
211,192
116,68
29,1
266,266
454,454
295,251
405,405
177,140
119,74
119,106
48,55
292,289
201,214
68,110
116,77
110,118
106,87
230,230
11,42
77,64
157,157
223,232
25,32
5,9
2,42
168,179
185,202
427,427
228,208
200,211
8,8
207,193
47,58
275,299
110,66
126,122
207,92
478,478
84,84
399,399
283,292
392,286
158,158
262,262
173,122
192,220
197,238
98,72
73,406
68,116
153,124
283,290
104,100
428,428
99,112
456,456
187,208
197,236
136,161
159,159
273,279
299,295
205,218
70,69
257,361
178,130
179,179
235,211
190,198
59,8
78,119
29,49
417,417
83,117
223,236
238,197
134,165
205,199
243,249
222,240
49,49
116,86
229,102
215,88
185,183
99,189
301,301
293,246
96,69
201,197
67,115
99,88
409,409
87,94
123,152
218,218
429,429
289,298
298,300
192,198
248,248
306,306
148,155
390,390
83,81
210,92
56,54
100,106
52,36
21,52
361,279
275,251
449,449
105,105
300,276
24,46
124,153
137,140
300,300
348,348
212,212
182,221
226,220
195,230
98,74
117,70
333,333
297,255
444,444
285,292
466,466
240,231
238,214
55,394
222,211
99,406
198,208
218,182
294,285
207,199
25,16
322,177
154,163
178,132
235,208
48,48
196,239
209,104
479,479
184,232
1,16
274,283
163,127
220,228
104,104
317,317
165,156
261,292
96,85
205,221
214,227
20,28
421,421
130,145
60,28
216,230
400,400
159,173
166,166
168,168
261,261
199,207
100,104
56,5
87,69
17,13
263,274
120,120
5,5
67,81
228,202
166,131
230,199
18,21
130,130
282,284
9,49
96,106
232,184
9,29
21,54
159,131
271,271
209,102
381,198
191,197
105,75
74,83
47,10
386,386
222,208
125,125
20,17
147,172
461,461
216,92
243,274
209,72
69,69
220,190
207,186
195,199
32,1
201,184
98,85
230,218
70,67
92,92
468,468
85,104
230,221
68,68
96,78
205,92
198,187
288,242
185,185
188,218
36,36
383,383
257,417
159,164
25,29
79,66
205,230
157,124
83,74
162,157
251,392
209,83
406,215
452,452
200,213
68,105
184,238
183,224
269,294
198,228
94,94
284,277
156,125
288,293
160,126
110,84
227,238
118,110
284,273
273,277
185,211
232,197
197,223
81,65
122,126
253,264
98,98
100,94
272,272
227,227
185,228
243,283
185,235
336,336
23,23
210,210
232,223
450,450
77,116
190,226
47,54
396,396
198,220
360,360
102,102
187,187
199,182
443,139
257,273
199,236
1,7
155,148
136,136
239,239
364,364
202,185
65,67
211,222
15,15
223,221
215,231
154,147
337,337
2,46
250,250
70,85
78,98
223,197
237,194
56,49
39,46
68,79
458,458
246,259
220,215
202,406
70,78
302,302
120,205
132,167
226,200
130,141
1,32
46,40
9,5
39,2
257,297
46,39
28,28
30,30
442,442
254,254
202,228
65,115
173,131
308,308
273,273
193,207
74,78
117,72
220,185
78,74
137,177
56,52
144,155
208,228
74,81
117,67
435,435
310,310
191,186
389,389
11,39
323,323
42,394
473,473
40,40
261,258
335,335
493,493
195,205
67,85
192,381
237,239
222,192
125,134
126,159
343,343
392,268
406,88
126,126
447,447
236,232
88,222
208,198
192,200
237,381
258,285
260,297
50,50
123,123
24,2
130,132
59,6
228,215
67,67
2,35
64,116
220,211
117,96
117,98
205,216
29,9
381,200
229,229
268,295
119,209
259,259
192,240
14,14
290,274
236,184
175,175
110,110
69,100
205,236
268,286
199,205
220,381
220,222
51,51
4,4
10,18
143,143
186,186
201,227
71,64
290,283
205,205
299,268
395,395
188,236
92,207
290,281
1,5
196,237
214,236
406,99
293,293
163,163
297,260
230,195
200,192
85,117
16,1
222,215
169,154
275,282
170,125
205,210
42,24
64,109
85,74
228,192
77,86
216,199
315,315
118,118
443,443
470,470
120,230
235,187
104,78
174,174
237,226
2,53
10,10
161,156
190,181
70,117
202,235
255,282
131,160
73,189
451,451
72,83
46,42
250,311
103,103
209,81
276,276
84,75
200,215
197,197
228,196
208,73
292,261
275,284
162,160
122,142
238,212
14,9
33,33
112,112
46,35
246,255
198,190
170,170
119,100
285,274
197,232
167,130
44,44
100,119
256,256
202,208
68,84
361,277
255,275
198,200
205,195
73,235
205,102
54,52
229,205
9,9
117,100
381,190
56,50
180,180
354,354
284,257
207,210
220,237
235,185
432,432
140,322
236,199
70,104
198,196
368,368
195,195
93,107
6,6
279,257
169,123
198,235
298,289
431,431
191,191
309,309
68,82
60,60
52,52
153,179
324,324
202,215
414,414
182,199
16,16
294,292
236,205
100,85
54,21
196,381
216,207
42,53
183,196
251,251
289,292
124,160
223,227
73,202
199,186
20,51
268,253
215,202
70,106
178,167
210,195
1,49
277,257
100,69
72,96
215,222
235,198
50,56
112,406
135,135
52,10
433,433
274,263
230,236
286,286
197,227
245,245
381,220
105,84
191,232
246,246
284,284
154,127
46,55
